After sending 0h9001 the stream of bytes will be sent back to the PC. The chunks of 46bytes of data are identified with the marker 0hA0 or 0b10100000 followed by 45 bytes that carry the information.



x-used bits for the corresponding channel
0-unused bits
1-irrelevant bits for the corresponding channel
0b10100000 - stream init marker


Fp1 0b10100000 000011xx 01111111 01111111 01111111 01111111 01111111 0xxx1111 0xxxxxxx 01111111 01111111 01111111 01111111 01111111 01111111 01111111 01111111 01111111 01111111 01111111 01111111 01111111 01111111 01111111 01111111 01111111 01111111 01111111 01111111 01111111 01111111 01111111 01111111 01111111 01111111 01111111 01111111 01111110 01111111 01111111 01111111 01111111 01111111 01111111 01111111 01111111
Fp2 0b10100000 00001x11 01111111 01111111 01111111 01111111 01111111 0111xxxx 01111111 0xxxxxxx 01111111 01111111 01111111 01111111 01111111 01111111 01111111 01111111 01111111 01111111 01111111 01111111 01111111 01111111 01111111 01111111 01111111 01111111 01111111 01111111 01111111 01111111 01111111 01111111 01111111 01111111 01111111 01111110 01111111 01111111 01111111 01111111 01111111 01111111 01111111 01111111
F_3 0b10100000 0000x111 0111111x 01111111 01111111 01111111 01111111 01111111 01111111 01111111 0xxx1111 0xxxxxxx 01111111 01111111 01111111 01111111 01111111 01111111 01111111 01111111 01111111 01111111 01111111 01111111 01111111 01111111 01111111 01111111 01111111 01111111 01111111 01111111 01111111 01111111 01111111 01111111 01111111 01111110 01111111 01111111 01111111 01111111 01111111 01111111 01111111 01111111
F_4 0b10100000 00001111 011111x1 01111111 01111111 01111111 01111111 01111111 01111111 01111111 0111xxxx 01111111 0xxxxxxx 01111111 01111111 01111111 01111111 01111111 01111111 01111111 01111111 01111111 01111111 01111111 01111111 01111111 01111111 01111111 01111111 01111111 01111111 01111111 01111111 01111111 01111111 01111111 01111111 01111110 01111111 01111111 01111111 01111111 01111111 01111111 01111111 01111111
C_3 0b10100000 00001111 0111xx11 01111111 01111111 01111111 01111111 01111111 01111111 01111111 01111111 01111111 01111111 0xxx1111 0xxxxxxx 01111111 01111111 01111111 01111111 01111111 01111111 01111111 01111111 01111111 01111111 01111111 01111111 01111111 01111111 01111111 01111111 01111111 01111111 01111111 01111111 01111111 01111111 01111110 01111111 01111111 01111111 01111111 01111111 01111111 01111111 01111111
C_4 0b10100000 00001111 011x1111 01111111 01111111 01111111 01111111 01111111 01111111 01111111 01111111 01111111 01111111 0111xxxx 01111111 0xxxxxxx 01111111 01111111 01111111 01111111 01111111 01111111 01111111 01111111 01111111 01111111 01111111 01111111 01111111 01111111 01111111 01111111 01111111 01111111 01111111 01111111 01111111 01111110 01111111 01111111 01111111 01111111 01111111 01111111 01111111 01111111
P_3 0b10100000 00001111 0xx11111 01111111 01111111 01111111 01111111 01111111 01111111 01111111 01111111 01111111 01111111 01111111 01111111 01111111 0xxx1111 0xxxxxxx 01111111 01111111 01111111 01111111 01111111 01111111 01111111 01111111 01111111 01111111 01111111 01111111 01111111 01111111 01111111 01111111 01111111 01111111 01111111 01111110 01111111 01111111 01111111 01111111 01111111 01111111 01111111 01111111
P_4 0b10100000 00001111 01111111 0111111x 01111111 01111111 01111111 01111111 01111111 01111111 01111111 01111111 01111111 01111111 01111111 01111111 0111xxxx 01111111 0xxxxxxx 01111111 01111111 01111111 01111111 01111111 01111111 01111111 01111111 01111111 01111111 01111111 01111111 01111111 01111111 01111111 01111111 01111111 01111111 01111110 01111111 01111111 01111111 01111111 01111111 01111111 01111111 01111111
O_1 0b10100000 00001111 01111111 01111xx1 01111111 01111111 01111111 01111111 01111111 01111111 01111111 01111111 01111111 01111111 01111111 01111111 01111111 01111111 01111111 0xxx1111 0xxxxxxx 01111111 01111111 01111111 01111111 01111111 01111111 01111111 01111111 01111111 01111111 01111111 01111111 01111111 01111111 01111111 01111111 01111110 01111111 01111111 01111111 01111111 01111111 01111111 01111111 01111111
O_2 0b10100000 00001111 01111111 0111x111 01111111 01111111 01111111 01111111 01111111 01111111 01111111 01111111 01111111 01111111 01111111 01111111 01111111 01111111 01111111 0111xxxx 01111111 0xxxxxxx 01111111 01111111 01111111 01111111 01111111 01111111 01111111 01111111 01111111 01111111 01111111 01111111 01111111 01111111 01111111 01111110 01111111 01111111 01111111 01111111 01111111 01111111 01111111 01111111
F_7 0b10100000 00001111 01111111 01xx1111 01111111 01111111 01111111 01111111 01111111 01111111 01111111 01111111 01111111 01111111 01111111 01111111 01111111 01111111 01111111 01111111 01111111 01111111 0xxx1111 0xxxxxxx 01111111 01111111 01111111 01111111 01111111 01111111 01111111 01111111 01111111 01111111 01111111 01111111 01111111 01111110 01111111 01111111 01111111 01111111 01111111 01111111 01111111 01111111
F_8 0b10100000 00001111 01111111 0x111111 01111111 01111111 01111111 01111111 01111111 01111111 01111111 01111111 01111111 01111111 01111111 01111111 01111111 01111111 01111111 01111111 01111111 01111111 0111xxxx 01111111 0xxxxxxx 01111111 01111111 01111111 01111111 01111111 01111111 01111111 01111111 01111111 01111111 01111111 01111111 01111110 01111111 01111111 01111111 01111111 01111111 01111111 01111111 01111111
T_3 0b10100000 00001111 01111111 01111111 011111xx 01111111 01111111 01111111 01111111 01111111 01111111 01111111 01111111 01111111 01111111 01111111 01111111 01111111 01111111 01111111 01111111 01111111 01111111 01111111 01111111 0xxx1111 0xxxxxxx 01111111 01111111 01111111 01111111 01111111 01111111 01111111 01111111 01111111 01111111 01111110 01111111 01111111 01111111 01111111 01111111 01111111 01111111 01111111
T_4 0b10100000 00001111 01111111 01111111 01111x11 01111111 01111111 01111111 01111111 01111111 01111111 01111111 01111111 01111111 01111111 01111111 01111111 01111111 01111111 01111111 01111111 01111111 01111111 01111111 01111111 0111xxxx 01111111 0xxxxxxx 01111111 01111111 01111111 01111111 01111111 01111111 01111111 01111111 01111111 01111110 01111111 01111111 01111111 01111111 01111111 01111111 01111111 01111111
T_5 0b10100000 00001111 01111111 01111111 011xx111 01111111 01111111 01111111 01111111 01111111 01111111 01111111 01111111 01111111 01111111 01111111 01111111 01111111 01111111 01111111 01111111 01111111 01111111 01111111 01111111 01111111 01111111 01111111 0xxx1111 0xxxxxxx 01111111 01111111 01111111 01111111 01111111 01111111 01111111 01111110 01111111 01111111 01111111 01111111 01111111 01111111 01111111 01111111
T_6 0b10100000 00001111 01111111 01111111 01x11111 01111111 01111111 01111111 01111111 01111111 01111111 01111111 01111111 01111111 01111111 01111111 01111111 01111111 01111111 01111111 01111111 01111111 01111111 01111111 01111111 01111111 01111111 01111111 0111xxxx 01111111 0xxxxxxx 01111111 01111111 01111111 01111111 01111111 01111111 01111110 01111111 01111111 01111111 01111111 01111111 01111111 01111111 01111111
F_z 0b10100000 00001111 01111111 01111111 0x111111 0111111x 01111111 01111111 01111111 01111111 01111111 01111111 01111111 01111111 01111111 01111111 01111111 01111111 01111111 01111111 01111111 01111111 01111111 01111111 01111111 01111111 01111111 01111111 01111111 01111111 01111111 0xxx1111 0xxxxxxx 01111111 01111111 01111111 01111111 01111110 01111111 01111111 01111111 01111111 01111111 01111111 01111111 01111111
P_z 0b10100000 00001111 01111111 01111111 01111111 011111x1 01111111 01111111 01111111 01111111 01111111 01111111 01111111 01111111 01111111 01111111 01111111 01111111 01111111 01111111 01111111 01111111 01111111 01111111 01111111 01111111 01111111 01111111 01111111 01111111 01111111 0111xxxx 01111111 0xxxxxxx 01111111 01111111 01111111 01111110 01111111 01111111 01111111 01111111 01111111 01111111 01111111 01111111
C_z 0b10100000 00001111 01111111 01111111 01111111 0111xx11 01111111 01111111 01111111 01111111 01111111 01111111 01111111 01111111 01111111 01111111 01111111 01111111 01111111 01111111 01111111 01111111 01111111 01111111 01111111 01111111 01111111 01111111 01111111 01111111 01111111 01111111 01111111 01111111 0xxx1111 0xxxxxxx 01111111 01111110 01111111 01111111 01111111 01111111 01111111 01111111 01111111 01111111
Pg1 0b10100000 00001111 01111111 01111111 01111111 011x1111 01111111 01111111 01111111 01111111 01111110 01111111 01111111 01111111 01111111 01111111 01111111 01111111 01111111 01111111 01111111 01111111 01111111 01111111 01111111 01111111 01111111 01111111 01111111 01111111 11111110 01111111 01111111 01111111 0111xxxx 01111111 0xxxxxxx 01111110 01111111 01111111 01111111 01111111 01111111 01111111 01111111 01111111
Pg2 0b10100000 00001111 01111111 01111111 01111111 0xx11111 01111111 01111111 01111111 01111111 01111111 01111111 01111111 01111111 01111111 01111111 01111111 01111111 01111111 01111111 01111111 01111111 01111111 01111111 01111111 01111111 01111111 01111111 01111111 01111111 01111111 01111111 01111111 01111111 01111111 01111111 01111111 0xxx1111 0xxxxxxx 01111111 01111111 01111111 01111111 01111111 01111111 01111111
EOG 0b10100000 00001111 01111111 01111111 01111111 01111111 0111111x 01111111 01111111 01111111 01111111 01111111 01111111 01111111 01111111 01111111 01111111 01111111 01111111 01111111 01111111 01111111 01111111 01111111 01111111 01111111 01111111 01111111 01111111 01111111 01111111 01111111 01111111 01111111 01111111 01111111 01111111 0111xxxx 01111111 0xxxxxxx 01111111 01111111 01111111 01111111 01111111 01111111
EOG 0b10100000 00001111 01111111 01111111 01111111 01111111 011111xx 01111111 01111111 01111111 01111111 01111111 01111111 01111111 01111111 01111111 01111111 01111111 01111111 01111111 01111111 01111111 01111111 01111111 01111111 01111111 01111111 01111111 01111111 01111111 01111111 01111111 01111111 01111111 01111111 01111111 01111111 01111111 01111111 01111111 0xxx1111 0xxxxxxx 01111111 01111111 01111111 01111111
EMG 0b10100000 00001111 01111111 01111111 01111111 01111111 01111x11 01111111 01111111 01111111 01111111 01111111 01111111 01111111 01111111 01111111 01111111 01111111 01111111 01111111 01111111 01111111 01111111 01111111 01111111 01111111 01111111 01111111 01111111 01111111 01111111 01111111 01111111 01111111 01111111 01111111 01111111 01111111 01111111 01111111 0111xxxx 01111111 0xxxxxxx 01111111 01111111 01111111
B_R 0b10100000 00001111 01111111 01111111 01111111 01111111 01xx1111 01111111 01111111 01111111 01111111 01111111 01111111 01111111 01111111 01111111 01111111 01111111 01111111 01111111 01111111 01111111 01111111 01111111 01111111 01111111 01111111 01111111 01111111 01111111 01111111 01111111 01111111 01111111 01111111 01111111 01111111 01111111 01111111 01111111 01111111 01111111 01111111 0xxx1111 0xxxxxxx 01111111
ECG 0b10100000 00001111 01111111 01111111 01111111 01111111 0x111111 01111111 01111111 01111111 01111111 01111111 01111111 01111111 01111111 01111111 01111111 01111111 01111111 01111111 01111111 01111111 01111111 01111111 01111111 01111111 01111111 01111111 01111111 01111111 01111111 01111111 01111111 01111111 01111111 01111111 01111111 01111111 01111111 01111111 01111111 01111111 01111111 0111xxxx 01111111 0xxxxxxx

Each channel is encoded with 12bits

The ecoding is different for odd and even channels

Example even channel
even_ch 0b10100000 00001111 01111111 01111111 01111111 01111111 0x111111 ... 37bytes ... 0111yyyy 01111111 0zzzzzzz
even_ch u_int16=0000yyyyxzzzzzzz

Example odd channel
odd_ch 0b10100000 00001111 01111111 01111111 01111111 01111111 01xw1111 ... 37bytes ... 0yyy1111 0zzzzzzz 01111111
odd_ch u_int16=0000wyyyxzzzzzzz
